res:
    test1a.png : 0.442402
    test1b.png : 0.202316
    test1c.png : 0.214621
