res:
    test1a.png : 1.52445
    test1b.png : 0.240277
