res:
    test1a.png : 0.691667
    test1b.png : 0.334839
    test1c.png : 0.395636
