res:
    test1a.png : 0.46246
    test1b.png : 0.212399
    test1c.png : 0.224208
